4092
56
154
380
97
8554
2542
46
127
41013
1548
66078
13832
261238
149
6072
31
8172
31
135
36020
7131
1813
50
16403
152
128588
98
270970
614
142
902
291071
2200
56826
820
1068
2652
7116
651
286559
1032
9540
4029
106
39900
13520
30
912
1433
2760
82
210507
1697
56
28
7052
6783210
15251040
642
2916
35220
334
117
166
5115
6138
10
32000
3717
1116
1228
5301
123
2377
5428
2690
79
3457
151
4317
77468
1323
4373
1717
6536
148
145125
32
2525
11400
103
73
8635
172
61
30
765
14
3588
4474
3403
99
19732
3039
163748
3550
84
3664
143
142
154
175084
614
69
5000
42
2236
121
20
4888
8392
127
50
154
2954
1382
3363
176
136
404
1617
40
43
1805
2
5928
128
6016
158
110
4314
139
174
3084
83
216
160
7
129
1937
680
17
2127
130
2340
136
155
339
67
53
1188
884
50
7122
47
125
119
140
525
6621
2720
3754
35239
5865
41
177730
5992
6952
117
7568
4640
585
229
194
2683
1991
147
2417
310
161
7560
81
3150
44
3508
1807
31200
113
28800
42
149
139189
230
7308
86
1137
5100
116
1542
52780
4420
2278
1101
53466
114
56
895
120
79
83
3583
195
277389
333
6912
2598
1343
942
381
158
2764
51
122
35088
80
297
32491
118146
23
62
5006
26640
109440
2871
31
165
34
72908
3349
4672
7659
112199
2310
32108076
13230
216457
107
2272
81
1026
158
108
48
443174
242
31
3101
830
27292
4217
274
414500
128
5336
72
2034
98
9674168
174
114
330
39
227
327140
3172
69
26
68
52
149
100
7335
4293
148
2052
5373
2945
154
3450
8339
5
1701
85
53
27
107
2487
47
4896
81
95
206123
57
1080
36
34
236
6248
91
194
9434880
1326
3219
310
3391
6398
161
193
59
100
59
120668
1164
747
1081
192
19
126
4005
46400
290
196
142
2658
5241
39010
113
16544
261
1535
1035
2196
46
18096
168
10330320
5945
69
6316
41
4426
2948
61
6484
1177
44
38
160
77196
935550
5916
193492
183675
112
87
203
768
2485
1945
571
7826
6424
108
1040
3332
744
70
585
98
61
3736
46762
6987
1258
2096
584
4961
173
1120
294000
4809
4578
3
1674
106
1353
106
125
5320
5446800
410
989
65
29
123480
3331
12745544
8440
171
23
31
6450
141
5174
2024
5074
1209
9
222
649
134
120
22
1291
106
86
6840
155
134
3374
141
135
52
197
4071168
4
168
3011
27
3477
144
53865
3091
899
49
1215
312
85
770
83
239
72
6884
256956
1406
304
1386
236818
68000
1117
6
325318
31
401280
113
1320
660
240
3339
2923
1652
1655
905
158824
2
3187
784
420
5115
3739
124
94
142
2790
332
461
458298
6600
2784
102
248
78375
2340
26
162
3264
1411
3809
1232
123
870
54
502
46
2355
340
112
87
15939
202
2719584
144
1286208
157
58
6108
116
18
3733
1240
693
116
32984
7904
69
1782
123
2698
47
64
1217
5184
500
43
44
139
122
8
6265
9
4592
1530
3120
2618
3069360
3763
194
20
197
546
28
1768
11840
122
37758
108
1315
182
48
480
2769
23285376
214912
3204
3454
421
597
30343
3703
93
130
435
125
82
15265950
109552
2902
1134
5613
52
79
1826
228072
12444
185
2757
67
62
38
15000
133
186
6480
3985
1116
6290
106007
114
4033302
30563
119
681
43200
123
106
78907851
3200
9720
352800
11
72
5749
78
2211
113
73
6231
173
176
614196
136
119
68
64032
55795
83
126
3659
979
185
98
5110
2352
22
87
493
43225
186004
11484
2005
355738
125
719
2632
4500
1188
3472
83
5419
261933
41
133
162
123
223008
2706
124
803
1950
54036
13
87
8620
133209
28728
53
1005
1680
5783
948
57848
35
850
148
944
514
2057
5040
685
4941
130
145992
2538718
10560
6438
36107
140
63
105
159
104
3336
7124544
235
154
123
71
1092
1743
8514
4
3332
219
139
1463
16
97
124
2804
602
55
83
72
3584
759
378
79
6272
1037
2040
150
100
131
13920
2826
2166
4226
1729
8160
2407
246
5106
81
32770
209
37
10
10
186
5760
900
96
36
187
35625
148
1351
3036
1904
148
5089
4499
122
101
20
3386
2314
105
185185
248
1815
177
103
2640
2067
35
233
93
2470
150
459463
251421
5265
55
186
402
6351
4680
2760
420
1780
147
167
113
56
26610
59400
4842
2254
600
120
188568
598407
1776
136
72
6
157
71
142
196
124
1916
148
57
9
273060
9956700
24
2240
25245
70
78
3237
5691
258193
302190
107
2204352
21502
87
4165
105870
2342
423284
96
125580
279603
46
139
4029
176
1075
111
6651
465
97
797
65
182
78215
102
46825
99
198
372
1900
155
3648
5780
92
137
1921
5578
115
95
7164
64
989
4185
2350
75
504
321
130
62540
1181
34
416
65
16213120
189
228
204
34
20
83
6272
340
3542
280
128
1012
115
42630
20
681
54
3626
141
737
242125
3608
490795
2568
5412
128
5070
5159
403
12607
1924
440
282
68
2871
5880
137
56
33
40
1995
149
462
29820
142
47
23
10703952
66
178
125
377936
280
51
1
7543
12
118
1195
231704
781
357
3710
88
230
8
96
135
562
49
4473
123
1050
146
53
193
2325
3085
136
3160
127
32
461951
7161
155
116
23
3280
3620
1893
1326
69
68
3641
186368
159
82
165
56
104
1700
32
96
245
122367
1621
270
1202
71
24
188
404613
1850
55
174
181
14593
75411
60
131
3746
125
4312
90
2659
106571
5641
90
156
26730
157
36
4559
5912
195075
65
10
299
224
1352
5298
10589600
286
120900
20358
180
131
12864
207
37126320
1699200
3
139
388894
2795
11
1107
624
201
154
2584
1962
59
168
73
74
186
590
2600
13248
112
2708
5425
176
3283
5684
45856
190
3998
4358
95
72
264074
3295
2036
17
638
39
45
5101
70
1440
77
45
1851
7498
8863
5394
273
4004
54
3326400
2593
748
1586
4158
73
5161
700
1375
2848
19
39
139828
49056
2376
36
1104
188
52
7662
36984
4711
59
1756
2688
229
143
2214
36
52838
105
330
191
3498
4080
9687
92
565
1155
35
5247
5159
90
70
5650
1242
88
1728
2255
434
132
68
195
652
66
5025
195
145
25389
67
56
2533
3529
7257
445743
4494
444
64800
35
2850
513
34
4464
6374
1008
648
1066
552
83
259
212
11
15480
84
262
90
24
50
742
1826
2632
21444556
1538
324300
315
1663
202176
6426
391
46
304590
8224
9649200
683
3279
860
396
1936
4413
8217
4242
69264
6164
132
3293
126
2688
83
576
4606
141
20
5962
197
2295
61908
2082
158
169
3705
108
5618
230
8061
247
1455
120
1033032
275766
2172
1980
137
1970
1176
4362
180
427284
6400
21183
2886
109
43558
4641
97
1659
6230
146
167
27
147
46
4004
2267300
2082
602
416
78
91
1911168
44346
151
410049
3477
19
736
71
11164650
4759690
164
90
41
5361
93000
157168
173
2040
810
2552
9506
75
6820
532
2488
4589
102
143542
6583
83
597
91
522
3902
835
189
2176
3867
3122
5899
116
16
533
1116
15
55
3856
3104
3425
279
68
24
140
91
435
6866
2269
171
128000
919
2480
133
957
1817
20
2002
2702
58
1293
99
233
2702
33345
155
3750
5627
111
965
101
2980
1350
48
434
103
61440
1700
6419200
720
657
26482
4899
122
1760
11920
6445
582
5388
254719
1716
16
3223
7148
139
66
15653
838
810
3171
1129
1617
42
57
12402
2030
56
960
175
9040
47
1365
6
91
957
197
2814
118334
229
9175
13
536
258
361
2472
7558
468
120
1628
87693
434
2783
94
264960
1501
4331
106
261
183
5442
49680
1416
401
1479
220
308235
86
2204
4007
157
23
72
4950
33
1800
797
9108
185220
3592512
152
36
14
105
107
63
1158
7
59
1027
2137440
69
35
68320
453
1327
6764
113
170
5838
1363
3858
64080
188
6028
188
5
1236
1083
103
8461
179
2480
172
102912
60786
1014
96
199
1124640
2849
864
179
3776
91
11
2905
107
138
380
132
82
56
211
125495
114486
23
101
2381
114
71
704
79236
46
3045
2525
1745
11520
71
58
2423
79
4082
1264
2073
44
152
2791
171
3016
3999
124
140
100
2886
128
123
142
158
116
61486
304
1792
738
118
227619
5698
153914
3710
4
3929
1953
5367
71680
73
34
59
112
148
822
11886
1302
756
2310
72
106
2992
2334720
16
66
105
124
105
4836
1885
208
2184
16368
161
33
6012
5672
2320
317
197
1099
155573
374
1261
78
6
107
453
82
6791
351856
91
85
21
9633
153
1524
116
143412
6207
640
249
1447
4555440
251
3640
5586
47
6430
162
3853
268
599
3448
283
129
64383
8286
308
142
3577
911
145
74
2982
7830
43
108
61
92
2434
204
46
55080
34560
294
4824
196
151
957
6782
200
6
3318
48165
72
48
51
5508
150
176
109
24
155
334800
3410
3036
5407
396
7
918
131
111
295
233
240841
195
158
1242
4182
120
721
5824
124
400000
100
1940
62
136
87
23
278
3900
9500
3471
6532
1084
130
1827
3499
119
955
3080
50
5701
2475
78
44
2614
41
2934
2883
639
2197
561932
150
150
85
5807
12
220
31
3952
506660
53
949
4653
122640
4648
6630
45865
7567
811
99
202
47
3977
60
165
136
1385
2219
541
1433
171
5904
20
146
139104
8565
48
1423
2128
138
101
138
60
6094
1104320
212
296
4620
19684
159
164
182
88
4675
823
146
6195
938
95
16
144326
5903
607863
161
432
804
3157
2256
21
3866
96
48465
131
3458
2414
85
23
132
7829
4234
660
9914
79520
2540
205
97
10866
58
3875
49926
91
71
110
185
4116
162
155
480
113
6210000
186
1534
9499
8316
4606
1421
66
4063
89
121
163
153
2968
359152
147
1364
188100
4958
156
109
120384
1196
4386
140
94
9021
61
391
122
5754
89777
236800
3953
412
112
45738
3786
27679
71280
3856
3354
39
153
190
21
4764
1673
684
45
2029
210
2054
144
600
206
2074
385
61
24
30
6350
103
109
3813
8613
1941840
2610
129010
829440
5940
6897632
1241
1878
118
84
4935
204
91
5844
55
200200
165
76
184
445900
125
209
202
148
135
112
139
129
328
4377
3849
6
163
46139
106
13
96
106
740
158
97525
205
432
2618
1697
170
26
192
5921
6942
15
1005
196228
155
165003
27
139286
3363
148
6427
169920
2267
2450
2960
29494080
26
54
36
534336
124930
110763
298284
1980
3699
1248
1180
1267
8573
4265
237440
14
585900
6790
123
6309
72283
76590
2786
59
1396
253
8378
888
74
95
2701
5160
102
155
265824
81
1036
4970
366795
18150
1722
1180
281
2916
169
76
54
2430
52
2470
4291
171
166
68
240
76
6682
113
170
437270
3814
3050
2197
559
66
3061
1565
430
190
78
19875
408
35511
72
384
240
4054
227040
3200
5902
184240
97
195
33
118560
118
3723
116
115
12789
362140
2988
116
94
95655
26
83
80
2400
186
100104
3588
1665
215
3229
78
190
3814
200
216
170
2739
4714
4660
1642
7121
4488
298
84
57
6973
62266
14
1136
176640
1862
115
97
70
83
75
583
8300
2177
1922
48
5581
106
121
257
111
126
166
170
5322
4730
134
2112
465
64
435
4352
6866
84
3344
101
81
60
7
17
129
1875
2842
89751
3053
43
534
71
7128
5196
373
152
58
92578
35
93
57
274
7920
3960
841
4673
2730
222
92
7385
59
133200
3724
550
90
154
6800
2075
84
2464
23
4800
129
129
4351
116
2299
24
2888
87
820
798
6263
2220
891
2124
6903
3151
392196
1265
98
5218
965
154
600210
1722
101
1882
11922680
2941
110
1855
53
5880
289949
3888
55
2147
2523
75
8272
17766
48
201
160
1938
243
293
6205
21
4772
89
306
1558
51
2351
101
112
1383
197
1185
54
158
101426
2333
18766
501960
294525
307626
11552
130
71
124
11340
864
187
25
2038
31
100
1357
197
11978
1776
63
70821
8619
5129
4968
345
4216
121
4959
163
279
1066
1609
553
2466
116511
182
2558
256
1979
2567
108
2896
6398
4215
6237
567
187743
6400
1643
2490
7315
92
22690
29
110
1699
88
161
1582
1780
223
9
1290
148
599
62
101
74
86
2294
178
147
9700
4786860
38
182
76
789
3146
3906
1679
185
6737
183
57579
6664
47
18360
3843
125
36509
1143
2412
6003
68324
4507
18739840
121
4248
842
2655
481
90
1512
2816
95
88
5550
4269
4060
1088
1684
3899
150
165
61055
3652
31680
4560
106
88
107
102
1166
4132
5306301
3960
202117
2266
1952
700429
140
455
39312
3840
276
220
781
181
3512
284669
2796
1317
2697
1890
239
41
919
6748
141
74
759
33065
4237
115
7574
1946
131
2296
89
49
81
1364
179
4680
367839
164
2400
32886
86
82
47253
544
8930
526456
4220
4851
1778
108767
64
56
1594
719
3672
123
89100
160
191
121
3525
133
7568
104
116
226
9
5136
413
22
175
258
83
2621
5448
5420
74
1524
119970
299
24935
5808
5046
383
876
1727
2160
1132
9424
7700
7238
43
2038
1496
96
114
2041
70
108
3306
1749
643
106
46413
1407
129
796
67
126350
45
111647
574
8869
2307
109
6954
4876
5078
56
4332
3920
423
103
55131
1422
3286
11144070
78
117895
229944
197
4867
6093
122
22599
76
3661
5136
98
1450
91368
1679
149
62
96
86020
2704
100
3530730
8464
406
2202
2280
1469
140
98497
3607
138
129
150645
988
297216
111
6
2683
1739
159711
265
1839825
2637
144
2492
720
85009
129
688
221
828
1217
41420
420
270
1876
72
3156
175
103
3024
49
40
12
98
3311
765
54703
60
131
24192
1198
93
3309
6229
17
142400
3657
143
239937
694
6730
108
222
183
94
55
586
31
219
119
18479
146
118
52
24776
1353
2885
2508
60
3029
3020
1465
201
34
118
3150
86
1537
269
5101
3336
1525
156
6
4914
27840
828
120
1595
433
57
4311
189
156
160
5448
135
2126
53
9400
2856
87
5846
5740
27
218
137
2447
6937
4365
4990
6332
810
67031
111
528
2367
78
76626
2445
28
42821
202
1504
26
5882
3813
9312
1419
643
175
113
21163
2256
109
255816
420511
65
520
5558
20
3598
980
135
1033
7623
2381
1940
141
2211
9278280
2673
57
30
155
387
6956
5048
106
5972
3760
324
23
4547
53
912
3826
2166
6014
1475
2275
972
6823
263634
2970
2045
14
93055
5489176
115
12755
70
233
1083
86
155
53
6
57
803
7770
4523
305745
32736
274
362187
107
125
1109
1827
414
103
3409
67300
3731
432
127
3
6320
56
5307
176256
1950
294
60484
27
3629
87
23
1301
89
4662
107
6175488
198
38
421504
51
345
102
738
2162
148
24577
146
3417
68
87166
227
142
43
671
242
120
2500
50
239
191
6340
720720
7
4600
187
1929
1626
2925
1667
312
1040
545
126585
126
3039
8377
117
178092
5166
95
55440
2405
2536
41
69
118
27
44
1864
1629
45762
1190
117
97
134
386745
133
92
2997
9308
122
4182
52
7128
195750
158
8280
71
1406
1959
2159
2597
92
134
3547
43
2688
39
121550
37
81
15
3504
717
72
236
4845
146
2693
113
150
1078
3827
1441
322
47
101
2368
22680
107
220
45
2320
1647
1547
1296
63648
9
430
1689
2100
83200
771
138
1109
203
1898
1722
4536
241
7
5952
180
162
99
425
5041
1461
38
1008
76
1029
2226
4917
45
28
79
44255
6048
505
135
105
5982
63
170
106
798
89
137
3600
68
2185
846
108
90
1076
295
187
396738
1282
76
14235
203
178416
6230
385
230
80
96
17
127966
65
12075
77
4310
5555
72
33
65175
4817
194
115
3937
245134
84
2565
122
3181
90
97
125
3
26
371
56
137
24377990
3975
124
155
85
2928
797
4614
9
90
110
2494
149
178098
10467184
148
6181
143
19
1890
3529
168
294
1218
4288
198
179088
108
213
1056
335
178
219
3528
1024
500
226
4126
304
132
169
8232
89
404
144072
504
1647
5212
3405
152
71
1650
9118
17
5072
527
110
63
449
41
7547
113
810
4840
214
15485808
624
2607
6132
48
55
899
1342
3040128
61
207
28
1116
10653
650
151
139231
96
2934
1792
3721
124
149072
181
105
174
39
2909
146
50
2
1608
6782
74138
2805
104
32
6888
3358
5946
201
82
3
1344
117
41121
115
143
157
4394
113
95
6264
35742
193
80
2149
157
72
137
46
127
73
1392
82
430
591945
27
180
56
209
24186
2808
62
93113
567
1716
5695
79
5638
3496
2942
2469
157
31
139
180
7512
230850
286
61340
37
317
92
783
25992
1621
2852
126
3060
3184
6844
2115
21
7512
149
396
9
2470
705
1188
159119
1145
201
138
70
67
2803
121
2400
97
3036
2176
32024
118
7308
22
3065
1961
6482
6482
122
7038417
138
49020
129
179
5487
2016
170
3336
866
35
400
127
9349
77
2888
32551750
128
19920
1139
23
2394
22
4165
1392
1508
15912
3802
6360
46
110
1178
2025
651105
46
123
1550
5104
109846
152
2071
6416
392074
1931
3
172442
2145
236504
5201
122
112805
102
5481
77
4
80
2726
44
90
55
130
4003
118560
46
40
115998
350
55
40
5357
1377
293
108816
1269
177
131
28
112
3100
121647
1730
1958
9000
1532
111
103
11088
166
93
7
299
104
309
432
126
8317
79912
95
7565
103
420
128906
56
3055
5808
152
139
100
2550
4413
133
1502
2870
37
1092
57
1163
101
256081
121
2230
705
5169
341
1263
4942080
483
498
134136
300
122426
136
56272
3987
1754
164
120
1431
53212
11800
158
31365
5917
87
173
12608700
476
113
3
7886
8163
42
54
15
2714322
4892
2624
21
2085
440
4042
1624
77280
4631
5664
2465
148
899
191
3800
1241
1638
26973000
48
127
50
6535
41
52512
2052
23
134
97
1348
122
158
1203
6916
5702
31878
3557
59
161
539
362
64
109
3321
107
143
85
862
40
1313
1850
97226
135
129888
197
136780
32
121
44
137
675
151
8775
144
1140
40
45
5525370
26625
4087
264650
2805
9506
390
63
2655
72
75
344
11
782004
2231
39
1568
7790
792
128778
118
13388
18
22040
57
9107
2354
2392
79515
2567
77
6741
690
5595
73
169
4220
322952
101
363874
487809
174
12
148500
164
9694
222
68
6991
4350
387
1254
2161
70
63200
5552
5292
91
1070
50
38
57
1065
47
89
573755
10
147966
1840
2833
88
5557
22
30
2232
1425
252
3714
119
5934
3608
54378
239
139
1512
2592
1392
172
3185
4160
29193
204
700
334970
34
2040
5264
23
3192
300
1
88
17800
88
7603200
70293
85
2443
9846144
1111
1708
4651
124245
713
43
1000
3008
112
5700
102
10
111
3614
6497
680
4946
113
153
1366
213
120
45
744
94
3778
448
125
3454
5520
187
3240
1997
136
2652
2044
23218
59
664107
814
56
172
88
117096
86
208740
1068
153
6276
1898
232
352800
106
3710
439
144
656
2221
251
113
1314
3485
56304
122
189352
754
79268
88
493
82
190
421
11100
348
4767
1804
4142
1106
142
68
153
14681
797
4627
244608
46
685
50
873
6177
5133
2107
106
2145
98
183
120
496
50777
5092
5103
96
1867
35
5
164
3182
5509
8411
1847664
1603
240
7963
117
813
139405
99
4482
1382400
1224
24
581
241930
1849
1624
162
2028
2914
1671096
3412
134
1380
1021680
69
2438
59
181
4488
35447
324
84
1117
137
111
1160
81
21840
539
123
7603
3224
2976
322
95
2574
8049720
101
226
76
1955
11
5652
2522
5577
120360
37
45
2757
4876
5138
1530
126
42
3740
5694
51
1190
105
1084
195
158
375
76
74
1430
19229
2304
192
4318
3307
126778
5
9
51
3640
2217
3512
83
203
2272860
8008
111
4349
1828
2914
1486
245700
924
105
31
140
383961
887
107
80
247
2112
688
57
13
974
6894
494038
506
4771440
2850
12
7436
84084
5620
58
7861
501
63180
5960
1403
6141
51
4758
12875
55
6397
207
1989
84
157080
166
159
127
473
4312
123
446
11257
66
9387
124
97
106
464
1978
160
7
2395
8188
11
31395
138138
86
5037
113
162
130712
2173
2321010
432
174
466
1450
33
518
1409
2209
249
3086
14112
314
211513
13
660
2264
50
1137
4067
30
1705
1754
79
25
1948
1456
691920
23328
123480
94
319
18
64
8431
291
79
144
170
144
6400
984
83
5610
6328
143
174
2524500
2898
87
3492
15
5016
5472
998
143
174
76
1523
41
58
170
21
100
57
4072
120
4512
343789
2659
167
2085
1091
616
1877
58
360
1
197
259
173600
2120
5152
120704
5266
9
1638
3704
201
4912
79
6343
7403
177607
3
216
441
184
216580
138
254
848
4368
656
23715
2727504
77
5630
352
1320
51
325248
1858
2813
84
241920
351457
121
28336
30
119
68
99
663
44
23698
922
21
74
19230
52
2315
202
52
1360
3
42
231
2337
553
238
1524
4032
99
98
219414
1422
6366
19
2232
141
127
43
2405
2967
302940
69920
1980
53280
87
129
265
3306
29
5140
1738
5300
6610
244
233506
36855
43490
222
23
49
4672
81
5295
7347
1176
224
681
24
5728
4440
224
7669
5200
5844
827
16
1954
53
1683
2046
14040
90508
92
1995
1026
5103
4240
39
122
2186
43
14
1260
78
43329
108
1703
22
111
61
127
18
2611
5100
137
34
107100
5780
2156
129
48
103
1692
86
143426
1321
1799
211
7221
4458
50
274
18
84
611
90
106
30075
53
65345
1478
2725
3034
1024
156
1982
126
134
1845
192
164
149
115
165
213
117
1364
176
67
133
3742
265
2503570
5
108
44
29
2411
62
240
46
113
227
82
2454
48780
78
86
104
1875
140
4561
470
79
158
22932
6013
113
180
6726
1914
501
65
1281
774
1493
103
17
8307
7004
1732
513
43
546
141
9098
347424
34
158
161
79
124
1584
3
4811
101
370
45
161
314
2937
94
160
6160
111
375
6116
1747
1561
25
90
7338
3285
238336
2459
34
196
134
4576
7424
2996
99
67
227
67
693
4950
24
7153
6480
7184
73
2802
8580
1296
109
139
1265
8
150
6825
1190
1356
4620
842
1131
605
124
2939
129
162
1310
137
3204
1085
3929
6016
181
30597
47
26280
266
83
1802
188232
100
76
165
73
171
83
2325
4175
38905
336000
632
66
517
34099
1550
1134
12775
2562
6033
6975
60
88
2251
52992
740
145058
277
71
5605
1783
427722
103
4254
2401
9066
58
2078
163
166
488
135
4051
216
550
7462
89
162
131
1266
71
48
5069
9118
79
534
178430
2306
30
153
712800
856
118
68
120
96
146
20146
137
136
42
205
236
30720
180
378
5247
6648
155
3444
143
4132
134
6336
23436
665
98766
8621
12936
154
33
3575
85
1013040
5340
5
115
7022
1280
155
6270
159631
7934
3010
3528
2175
209
148
2634
242760
112
51
1828
3590
966
87483
55890
83
495
164
82
5670
49
21
110
5106
4382
88128
7623
99774
178
430
166
4170
333
4940
68
123861
70
475695
1252
51
475
5026
97
49051
110
1929
3864
104
70
90
5280
866
122
215
99
27786
91237
452
21054
4904
1722
1
147
2258
121
12
359268
225
28
103
25
432
21
70036
415166
41
5148
6144
2436
2771
63
117
125
528
1408
159
926
1523
212091
514
112608
69
2008
102
37
5002
8378
44100
6960
864
84
149
1862
840
1675
2250
2107
205
7806
173
490
460
85500
328248
4074
3704
5202
4332
948
82
108
115
27531
71
124767
975
5934
61
260104
3502
44
143
3084
125635
230
182
2445
726
92
2644
64
103
4725
2464
1274
42
46
25
110
600
1
69
8395
135
1564
8948
220
92
26
322
242
5428
5518
368
693
1
3864
64
195
87
165
198
665
114
103
1419
4445
61
8316
272
115
1471
114
78
97440
111
1749
4105
4998
4704
4616
515508
148
3143
2340
118
135
8278
132685
19
112649
5016
696
17028
4240
142
1962
216
1792
12526
2754
13
49
3300
98
1448
308
129
152
2795
15444
8606
462
1046
33686
2064
7938
1777
103
777
7553
3601
647
49
80
113
180
1628
1813
2058
4914
1364
1392
207
5476
315
1330
2078
154
36
8281
228
6998
190
227
298
76
293291
653
208740
768
1742
133000
6
728
101
131
1455
216
3007
84
123
63
150
64166
20
147
1467
75
100
117
3317
178
8155
92
97
2100
5775
4489
102
1900
36984
1890
1473
130
2481
159
1306
6111
2648
78948
102
369
5488
3516
2910
324
5828
464
2078
19978
33
1936
548
2105
6300
2102
80
73
1300
1092
143664
13
84
587
151700
242
3890
205
170
304
165
297
5185
1260
9
70
141
349
208
3633
138
1731
120
1
1483
189
3224
64177
23
85
2516
3300
105
159
7483
150
94
73
78
146
79
233280
1271
671
1055
12103
104
643
56
83
2770
44
111
9
8646
21
96
4774
3140
5925
62
10005
212
108
3278
146
152
115
3774
55
129
28
252238
1091
4747
3
5029
935
1752
1120
63441
207
1080
2220
7604
107
5320
106
97
1661
7710
81
44226
728
126
5372
2225
861
1404
125
150
75
1423
3800
1203
2394
3877
994
106
1494
763
26
1638
151
872
46
6460
114
4918
2592
69
105
99
844800
2989
583
3168
119
131
1150
1017
169
1137
45
70
59
2
342
3706
133
147
18
3042
226
3227
5324
4739
59827
87
149
1507
74
24
123
3344
80
36
36
2013
2407
3005
6027
2275
77
33
3
80465
113
9545334
207
348
109
75
153
2695
56376
1998
3672
185
1982883
3268
58142
9891
4656
64
93
129
76
6100
937
63504
6435
6335
514
171
1546
427
24963
302
1478
2782
108
152107
217919
98
2546
4091
1387
37355
96
5230
576
82
87
147
75
61163
2167
128
5418
175
3515
4029
14
269445
75
5916
117
2009
3500
476
3751
96
81
107
4
6384
2162
316
45
1263
28
59976
224
118
81052
101
8330
120
91
3410
89
7226
43120
698
778
99859
227
66
91
8900
101
3956
231
100
138
107
168
23715
100
118
127
105840
1661
6006
7942
69
170
1467
8370
30
92610
7712
208
86
1
548
22366
29
2314
4300
8
103
4118
37
17381
135
1242
5013800
766
157
105
6047
4382
2903
8
42
82
17
3613
1641690
1568
84
2180
235
6
29
7600
8139
208
80
151200
1950
368
1415
5145
3780
852
6003
131
2
3854
539
2180
3696
1997
9083
153
11
147
385
20
15206400
147
79
2000
228288
7140
188
124
117
683337
420
248
1743
289
38233
960
74
1194
636
129
8472
5336
422
1410
3049
41
3104
2783
69828
1674
385
115
3976
6081
97812
5309
897
240768
85
1825
647
1357
4218
1965
137
574
4072
4612
63
2559
37144
46
201
20
87
202
4874
55
251
51
9084
1764
39
206
150
1898
196
222720
86
160
165
4356
3588
5725
3230
9575
3106
149629
238
94
510741
779
856
240
66
316
1153
10557274
85
608
110
345
4276
194
5658
7609
127
2039
4887
1187
111
84
38
167
5728
491
270
22950
30
3355
3968
33957
1143
100454
792
416
3983
803
97
401
185
5320
191
1102
97
2075
638
136
2824
67
24
148
6106
1876
3053
2040
577217
425
152
86
39
6142
132
3828
168
66
5972
6776
3292
71
397
4184
1613
237
74
709
649
3035
463
91
5475
2288
23
1960
621
414004
5310
2268
1931580
2485
60
107
1350
70
184637
706
8449
137
31
223
42402
168
6643
4636
81
4266
52
111
3013
4062
738
3896
157
361
2960
2359
26
1856
56
123
4900
125
3320
136
91
185
53325
1620
704
15
16912800
2740
2417
64
59
117
487872
6
909
100
181
23
19
176
679
2073
19200
2649
2478
2491
213
7095
83328
19
2250
48
1750
278
3773
93
92
114
36
137
89
109
96
42
370
570
71
168
2627
2832
179
145
1094
133
1462
3596
2436
132
1884442
508
180
932
177
2513
403380
138
34
26590
444
195
46
74
40
2772
1530
127
1487
5544
2820
75
79
15
199
85
1917
114
7057
156
9603
68688
2156
138
252
26
6336
4009
4540
1693
150
889
533
5031000
236902
88
147
871
98686
175
1238
197
207
68
330
3739
53355
1386
616
325600
78
4542
118680
89236
37644
661
123
2100
24
1858
1287
6029
162
6884
6246
123
1800
219
1129
5701
8659
10
324
1312
156
7081
3523
1888
109
1520
87157
133
656
90720
4128
95
84326
16
6036
67
43
126
6394
80808
106
5510
7296
4449
91
720
181
33
90
79
2469
137854
1505
9032
4251
3293
42
8730
78
22848
34
20
140
6396
262
50025
632
1552
4128
108240
820
5202
133
144
7654
4617
192
148
84
51
236
60
5378
73
1504
184
336
262
178
41
81030
62
3496
73
87
114
18400
2037
65254
115
665
58593
232250
2317560
2694
420
6047
1500
58
904932
91
8
12
3283
395
162
3857
2290
4725
2107
3497
1555
3127
3215
1058
44
252
46
7683
90509
8483
212
630
159692
4012
165
1703808
283
3603
798
1785
6790
11
182
5305
660
1235
80652
47
4736
305
123
4424
178162
13147
2050
178
4
754
3651
331500
1405
3099
4347
9
274
119
44
980
1058
29785
672
258
60480
5371
6330
3063
5580
540
4045
3703
71
2135
2787
19
190
1142
6270
2560
2999
115
3468
3830
4602
3304
52
359
172
48
6077
1975
868
722
2680
203
384788
151
104
2862
193
203
47
2573
146
2656
256
273
2580
312
1256
4680
7
74
5426
225
227
774
26
219
460
27
314
457
5066
85
4888
86
160
383180
684
178
49617
2587
225750
89
1210
1769
161
17
286650
53
2852
1424
1600
928
69
752
40300
8330
70
3506
5749
99176
206
25288
198
1338
2854
42
609
46
254
4
7758
167
2436
41837796
40
1725
4524
3164
4770
79
166
84170
143208
3975
739
97
132
4261
102
105
55
4464
8008
187
2617
2050
2920
597
6862
2352
89895
405
5859
22134000
49840
1223
1225
295
297540
675
2537
1931
44
5367
81
356700
6446
23018
78
147
4571
196
18749
4788
942
233
90
1341
146816
33558
81
50
42
4
3329
173
720
428
72
232
719
62
143
2814
77
6052
54432
3828
578880
132
5897
154
166
83
83
179
4710
926
17226
5
29
60752
1110
5029
3580
108
9105
2251
23
7784224
3184
3390
2731
182
308180
190
93
815
1327
5991
1827
3969
141
6032
49938
532
140
180
128
106
2863
18
198
166050
423360
2504
6164
360
115
64
227
610
93
198
1798
1144
292
238
549
274
6372960
2696
173
7725
861
57960
138
145236
41
3000
619
1158
3114
368
8727
649152
26
40
3834
63
3867
985
37830
102
1615
37
1386
5527
5822
149
6959
6764
134
2506
1032
35524
8378
3191
540
1608
51
2387
52
97
3735
112
40740882
870
6380544
5897
1373
4512
3987
112
2705
51
8005
7
82
22540
1838
2937
232
1532
3708
2532
30
21483
2155
44
43
30
784
124
1659
372
926772
285
143
113703
83
147
264
84000
516
39000
2739
110
1767
5088
1440
55195
82
6071
1120
1299
124080
1855
38
4398
971
4174
6893
2401
498
2160
1386
382
4955
5604
91
123899
3976
173
308
180576
140
17
2332890
35
139
23
9525
66
133
112
268
132
98
77
4015
7768
465
115
67874
688
2240
101
6523
4690
14880
3436
2107
2640
18
567
22
150
2201472
92
2420
153252
697
109
2647
152
179
1179
5906
96
4594
114
5027
1706
5949
2053
990
180
2584
171
85
62434
1431
3230
6156
129
59487
3596
110
337
157
2943
6423
108
4228
2468
7543
6138
8004
1331680
1064
20
165870
177
105
3750
3975
9730
1139
5678
96
5985
6216
405
131309
7857
638
6789
143
3929
51
108
923
755
121
167
3072
162
534
5734
2459
151
1872
55
4349
51
2825
1650
3018
523791
767
2564
18
134
6282
211584
3882
171166
198
6745
4898
306
42120
97
3052
3704
218892
97
3028
105
169
1295
10933
229
69
552
207
1036
236
4770
2880
98
166
122892
69
1580
6488
5401
4565
200
1265
3553
92
48
5226
3102
5884
156
97
2681280
6557
435
1482
1121
6658
7254
127
49
1456
49
257
2894
15708
127
117
4196
174
322
4451
3752
1518
1840
63
136752
1946
74543
131
138
27
80
560
2128425
70070
49
1404
65
120
131
34
178
1125
71
3110
68
52
80
118
2533
1409
62
1582
2338
75
2278
45
1080
5340
49
70
32
32
393470
162
902
164
7564
4228
98
17
119
3796
9234
6119
3240
4754
840
128
45
119
718
62
476
120
106
6880
3648
7860
1785
18
21
129
5904
5451
4956
4674
2860
98
76
105
124
130
48258
340383
7627
100
2239
1894
43
4091
72
3836
97
98776
3015990
974
131
5185
154
1587
870
156534
855
156
2448
62
148
148
66
150
131
1692
4567
8210
1520
1
14
6817
1409
672
216
7028
130
130
3535
27
43
4352
7743
700
196
88
82
28
54
101
3473
108
124
2664
136500
3330
3364
223
2030
106
23
25
2812
116
82863
20
119
108
60474
4554
14437
4405
75
269
2
45
22425
132
1690
68092
163
2128
140
28
4632
237
142
23436816
87
89
184
825
48
126
107
3510
576
37044
82
1529
112
129
5614
123
4959
337
231
69
71
944
1755
206790
4960
217
2265
19561
1710
3838
81
29
5829
65
2635
2730
82
79146
176400
103
154160
66
3711
7993
92
191
64
126
135258
20632
76
1467
85
204
190
127
24
170
9961
3114
164
4186
324
330
329
395
63
21
48
6480
4215
95
297000
93288
245916
1507
86
99965
64
59
127
77460
2993
8342
89
136105
139
116
301094
33
1704
7920
117237
34
603
182
29
183
16
6
51
62029440
41
45
3567
5045
40338
99
2522
162
22
5650
46
8880
36324
66
3675
1240
210
2048
203
209
1351
9396
37
3137
124
48
6174
8270
107
30628
171
65
46093
18
6428
6090
51
674
1147
522
25
1620
51
172
34
142
60
62
5680
2151
1121
3061
136
276
186
77400
482
1836
98
6475
8
1517
672
109
2911
903
120
109
2451
138
2708
94
2106
48
100
50
132
179
319
93
65
1390116
169
38369
4002
61
117
7976
11
41
157
9576
1908
860
100
163
116
137
1924
1428
25
2500
646086
50
84
83042
99
96965
68
5
3780
114
5115
1728
14
6805
40156
109
115
481
158
54
162
12727
98
2
32
4526
15
1182384
895
71442
2051
3655
3270
8
194
168
11
94
2925
60
4512
151
139
5200
7
8
5090
178
76
1702
184
117
106
1743
2704
300375
136080
1346
8209
6
11
1115
148
2853
1165
8260
976
150
116654
281853
101
2455
99450
11284480
431244
54
10322492
2640
101
97
46
193
143
350
7736
80
1797
2006
132514
114
4032
7980
8316
1800
7800
174
740
137
268182
3857
108
400256
342
184
4721
49062
15193596
127
242
31
111588
744
116
1373736
129
4367
13
304
548
2321
47
2664
176
1066
66
5929920
4727
503
76
258336
5
1908
140
138
165
3290
178
159
120
150280
616
3350
276
1285
97244
4788
159
616
333
2131
642096
226
341
169
11203164
124
87
26
103
62
7395
137
594
7
14
3100
59
27500
30
8931132
2418
9732
2362
3024450
18583
2375
67
997
72
169
540915
24270675
97
249
282003
64
2100
5704
41
149732
846
1758
98
53436
3508
91
1947
165
384
424357
846
3233
1080
5253
282
2836
162
175
158
137
107
2611
83
98154
370
603
154
3657
16128
1328
1579
112
57
102
45
102
60
1608
45
105
1389
7070
38
79
149
4794
39
3320
124
9504
7903
2969
3067
194
2736
699
4032
3245
4988
202
518
88920
868
1303
3721
7033
119
5229
8278
1995
28350
81
4486
132
24964
540600
61
69
114
9358
184
1567
3306
1617
3344
219
49
1764
255360
53
527
2040
1760
150
8
4487
76
126
1501
49901
120
127
3024
97
121
96
368
1960
127
16
119
69
8349
322
104
259
142
78255
7407
1439
108
5083
11674800
10005
742
35360
532
28540
3386
29376
2444
62950
844
2269
938
105
412
248
1216
131269
4121
175
7314
2970
62
67263
97
107
341
198067
134
22673
1541
173
177
33660
28
1156
100
67
1210
1008
5133
125
53
56
145
2951
2310
6647
6070
49
1401
676
86
165726
97
7100
5075
150
60
44080
2977
88
159
2664
107
3486
156195
1530
93
336
57084
36472
194
22
1763
810
427
217
182
2588
96
43
81
3200
4304
1775
5144
155
310270
5472
1529
385532
74
7967
99
5041
261
147
3497
114
3230
156
5200
7776
39
891
110
209
128
230
197
27
4232
360
3100
18
176
37145
89
150
96
359
11
510055
349
6991
1695
7849
278045
252
89
86496
2104
6343344
274
700
264332
1848
71
105
4141
192
3375
6835
3762
60
1144
44
8805
138
474
3181
1270
3243
224001
7043
6897
9
127
22748
661
11760
20949
3433
1924
1219
974
4578
15900
403
3604
38220
16625664
7377
209950
231
63900
186
39
32832
184
36
7020
53
565154
5530
17
180
127
135
28
78572
16
5744
702
21
1816
92
3204
3705
3646
6764
268
135
149807
105
441
116
33872
62
194
60200
275
132
7
205
450
253
48
1716
17205
342
126
3294
232650
1056
1065
173
6696
8166
3266
10157
4760
131
2640
110
8309
64
1588
165
116
4294
6169
843
23
100
4577
869400
62
126
592
249948
6216
7532
163
185
74
93
13023054
35
116
152
5905
170
96
125
131
323
45
5
1615
110864
44663
108
531360
605
16
7040
99
5096
204
11797632
5471
20
10400
110
2013
237
761
2673
86
13
154
105
2865
1596
548
82859
462
70
57
126050
147
82
6939
3737
2494
1581
2660
4292
61
129
2743
101
4928
3420
72
1552
11
840
58
113376
5492
6512
31
84
82
67932
560
91
136
41
3255
8447
3369
22
94
1456
104
5944
109
568
1092
2
444
1540
122
3785
172086
150
167
559
56
4656960
167
238
4802
488
133
61
143
176
181
320
399
15450435
732
112
1087
4072
3060
913
136
167
3949
223
532
90
31500
3112
1536
118
2309
1440
306
23176
349
11400
140
5115
3340
1927
77
399
2013
723
6246
146
116
91719
4550
919
102150
874
3624
5993
88
1098
1045
59
24361344
104
7328
53135
19645992
87699
13998582
94
338
100
990
182
209
2472
2405
287
37
429140
104
124
30015
690
4257
85
1950
12
7120
90
3554
97
183
57887
49
180
86042
3304
1435
14592
1311
50
3775
8
85
172
4939
140
246675
172
204700
5508
307672
34
92
1266
400
34
829
477
123
35280
3059
131140
45500
132
4740
3657
3564
7670400
2851
204288
2926
3647
84
77
285
172
442
15
2265
103
111
135
742
76
5275
75072
55
2388
174
10
174
159
635360
45
4059
173
101
8551
1416
80
129
164
3726
9361
81
8194
183
26
5624
752
3772
1328
108
217
3029
23
300
2781
94
416
5715
79695
83
462
1634
66
7391
4218
203
242
62
156
455
80065
91
5281
333
3071000
6132
141
138
474
2952
197
4860
448960
6577
94
69
97
117
28158
660
98
682
120
105
149
163
149
2052
3799
4644
2854
473
1869
91
4230
5851
3367
314967
1900
142
104
106
128
78
3350
4594
1554
1385
352
995220
146
912380
1082
13800696
49152
1659
32
4
244776
158
187
74304
3014
62
2940
9562
42
79
106
14162040
8190
8
2
7211
2048
1490
160
5096
7969416
120
24
2079
7104
1413
955
2688
1260
1200
134
472
397500
7908
57
121
867
116185
118
20
1248
4370
39
438
60
74
166
190080
1890
6600
1200
3619
732
1127
54
164
1143
4415
1999
20
1159
146
96
1582
252
750
252
20
3214
48549
38134
1980
2700
110
324
118
4057
9600
1130
7358
5460
6136
185
7310
428400
135
1835
175
503624
59
26
798
1587
261
9951
1833
70
87
8260
239
7654
234
95710
133
138
23129
293
499
1833
260329
1690700
3349
76
228
102960
3818
130
33075
2244
22680
5303
2909
25
6570
147797
90
124
4128
187
273
116
76055
1359
61253
550
2331
198
86
11670
3560
28980
494
1287
474
3392
127
93
389
146
4168
672
9
11
75
472
108324
235
4630
30
1167
52
4400
6
215
3739
180
2418
2734
5406
36
503
191
66
169764
2322
108
2872
72
175
7649
546
165
25344
136
7451
231
837
94
57
156
484
96
7800
193
90
990
36
43296
17037
159
4374
3432
9452040
814968
97
4590
67
1860
42
46
822
1073
132
151
730
102
1751
139
4050
2394
2523
1050
136
107
90
7875
35
544
177
2835
464
4394
60728
118
121
1542
5280
323
9204
102
106
356720
193
130
275880
3686
86940
117
30
131
256
1674
109
64
1397
61
4027
3680
222768
168
756
242112
130
247
142
25900
5742
204
851
1455
201
1386
144144
200
122208
827
199
184
74
6936
288
119
3597
270
176
129
105
93
320207
75
3809
2857
166204
5695
2081
1623
152
25984296
1952
495974
170
827
3971
182
53
46
714
1680
2119
2128
1654
177
4160
85
1440
1193
54338
6694
5095
123
702
979
1326
185
90
1795
59
8096
2160
1
403
67
17
1514
9208
99
180
80
133
12823
77
858
57205
31
2790
870
3456
181888
2438
374
1407
241
3603
3485
98
7636
2210
2822
136
58000
5220
95
168
9833850
59
5084
89
6877
91
97
4182
8738860
107
3380
4125
3711
8822
1350
5523
91
2520
108
2335
27405
17424
2980
2913
111
93
3384
191
4922
4734
8190
963
162
117
172
180
61
171
41480
85
154
2280
1543
368632
6270
3917160
37
86
236
166
3927
104
3024
18896
27
3844
137
5328
5680
14658300
94
368990
7220
41
71
27
82
186883
10440
90
144
5451
177
135280
1620
19
113
126
3751
3586
871
296242
5949
4
384
8792
174
90
197
160
576
80
3566
116
139
2902
140
322
16296
2710
106700
142
132
78
3563
5275
1393
1392
44
97
89
155
12223008
64
140
131
68
10621
135
130
4610
4100
6332
12
57
1220
675
2550
121
128
4179
2106
35
136
673
92
215
1318
4299
173109
53
95
1782
66120
240
7697
210532
113
2528
5699
147600
47
3534
149
143
7625
36504
881
170
50
337307
14025
2962
1188
5946
671
59
146
143
784392
375
146
7023
2130
26100
528
7
65
135
56
3
2308
81
71
55
357419
308
141
56
9312
8051
277
1827000
2068
714
133
95
1037
59
341
4092
1300
595
1468
370
136
151
67201
71
87
1623
156
41492
357
109
134400
78
96
151
66
2543
582
1269
80
9681
181
30879
71
92687
136
134460
707
287308
3
137
4248
21
780
5980
163
79
93
6808
5525
1958
20131
1768
6479
70
131
102
2955
90
598
174621
1219
449
5094
3780
253
72
211
76
5394
1
2219
2490
2624
8094
8678
146
126
3026
8836
48607
5980
44
160
43
101
61
3
95
386
96
157
6904
41225
122
6
119
152
3757
308
3982
7265
9537
131
172788
53816
109829
962
8282
98
181
118
2
396
6325
9815400
2700
85
8352
294583
81
672
155
1728
113595
18
9
40
131
6916
450
85
6191
275
36
733
52
6284
89
4385
110
146
7507
8342
457
50
124
25638
488
212
2077
3571
1326
141
56
7566
161
3940
162
38
679
2620800
163
554559
93240
1225
230
168
2262
165
8
127
2343042
4761
198
1577
180497
74
176400
114
6098
21151
50
4240
27
7309
127
4810
1554
185
84
23
16224
1030
46619
147
179
5915
2559
145
19
7438
442
40
48307
94
800
360
69
1082
659880
2420
1958
195
57
148
224
820
752
8633
594
40
22
92
748
7892
603
56
143
82
131
477750
71
100
4105
63
141520
5980
816
39
88
3116
181181
21000
1175
54369
1047
2293
78
159
188
97
450
172
3
71572
140
557
62
7093
1317
6818
89
1005
8800
190
261702
148
245
119
1297
1721265
1225
5300
435
2209
8
26505
124
28
67
2856
133
3058
810
208
138
148
126
88
1472
31
143
4162
3869
148200
800
86
246
197263
1448
5015
4319
32775
3888
642420
216
193
42
1782
405
130
80
2
284
1206
6624
104
183
5383
430
25920
7072
4
1651
10410
148555
40
140
251308
186
73
5221
69
184
468000
6168938
52
6250
130
51
219146
590
60722
4655
2116
355
958
11
72
1705
165
150
56
2002
106
3120
1
161
103
1254
112
242
102
149640
448
5103
47
135
58
58
31
121
592
46
31161834
8057
652
1562
216580
106
137
104328
2647
213
879
144
155
7089390
206
2378
16
1364
9547392
112
7262
297
456
163
2169
653200
81
932
738
68
135050
3799
122
1095
5824
177208
76
88
5423
236
3795
154
209
1608
1092
62
1224
65
2919
4449
1460
325
1880
120
1840
51
137
2665
3309
92
71
129
9693
157
1
121
37157
271
152
108
2
660
27690
4979
159
91
1651
816
1200
92
3154
64763
153
1464
120
75
66
135
3192
72
132
93
37
171
1680
228000
88
126
128
206
97
2740
36
76
3619
609
170
24391
7666
87
38
1617
5715
158756
3618
146970
6472
2306
202
166
7544
13
35
8306
3756
192
156
88
192
91062
166
262
442
317
143
229
1843632
26
134
6479
2105
150
99
944
5317
3319
3163
1864
435
205
2196
76
280
507
1292
101
216
3085
1008
83
1645
37
2964
111865
129
227
83226
126519
208
31
1490
73470
4981
15
61
54
140
259
1902
4148
67
242
94
40
81
8947
5415
14
118
208
22
36
242
323883
40
214
119
68
226
245295
6170736
8
847
3784
2348
1638
2741
191
127
90
2470
4958
107
5940
89
246
157
131140
27192
4895
4158
787644
3552
142
111865
3234
101
96777
5336
1519
65894
111
61
187264
164
115
1043
2829
2049
714043
15164
6486
400
6283
146
1340
24626
3120
236
4360
73
732342
129
1692
28
3303
2488
152
154
8
1879
3465
1352
318725
38
264328
28310
1764
6936
38
89
126616
1580
50688
3479
1437
114
282
214200
3810240
5672
9108
163200
2208
172
149
173
128
5698
4842
83
2217
6710
77
4966
51
156
6157536
115
7479360
28
16
7920
72
3057
187
372
135
6847
135916
4275
6508
115
1623
715
432
119832
226
5869
190
238
105
874
413
191
171
1222
10603
2108
1061632
2920
14
54
73
7374
456
43
66
3686
62
6658
3242
155
5761
78066
37
736
1200
202
58
84
694
1495
1500
104
218
44
102
218
1197
4346
131
1505
77231
158
1208
76
103
78
112388
245
82
113
360
8440
4230
655
53
377152
224
96426
77
37
9034
150
7020
160
3577
3401
2338
72
4764155
150
58
6557
41
14
2222
83
2749
40
3744
3110
4
95
691
2217
145
404950
385020
13
8
86
1864
126
4742
229
116
1586
131
144
2910
3003
1449
5284
2886
2137
119
25198
1914
6451
48
612846
2176
188
147
184
72
121
2788
1500
1397
93
160
159
21
124
2208
5740
34452
16
3100
52
968
47026
100
49548
568
104
1669
64
1
4352
207
108
3313
41040
96
260
183
36
143
1210
426313
59400
141
2528
16
1079364
119
168
516778
3714
122
5517
75
70800
109
102
445312
1079
77
145
87
184
106
880
3441
2315
3380
1073
56525
16
106
215
1056
1259064
98
4239378
1410
100
817
646
6366
33
1099
25992
1837
97
400579
309
3430
10724
74
179
95
24
2646
482
960
190
9374
6106
269
961
1611
13
913
453
49
78
5488
67
194
1136
916
364
77
149
5022
75
19830
8448
45
208
1617
1416
124
113
7175
48
105
3658
7106
114
1972
39
28
83
105
85
2542
102049
8730
7998
4576
138
1315
172
858
1938816
61
1522
1260
135
720
245
8332
4678
505
4276
1068
21
429205
39
13
867654
2728
6575
42
121
200
1252
4131
2184
3948
192
900
1716
91
102300
5328
3120
145
68
164
130
181
31
4966
221760
2739
1422
2792
5106
7400
2360
12
125
64
208
5121
6
146
21992256
272319
167
185
130
2833
627569
71
56160
1913
16710
621
4140
2
19
2826
4633200
124
139
249795
147293
112
317328
277
4693
567
380
3887
4740
1180
44330
127
203
165
2500
51
126
176
87576
3620
3264
3395
850
133
357
3
140
32
3487
71
2353
98
7127
32
138
5116
1092
3774
122
405424
127
74880
6621
148
42
1705
13508
955
513
1291
2016
8
2282
470
95
4449
1252
1086
176
559
7742
86
16636
137
2599
2730
195
1285200
685
136
10892160
3485
3146
792
3400
1088
2899
629706
1806
127
64
4826
266
94
76563
289
121
6391
126
2283
1437
19211
494
161
1757
272
2525
97
90
6319
752
24
168
3509
86
88
24
174
149
2511
197552
18
106
194
173
395132
53
6935
104
2137
1750
228780
5683
20
28
713
25716
21488
6784
8054
308
2835
148
61
384
248
85
33532
1302
369
1124
4550
6
33
164
83
48
5424
35
176
1575
320
7060
1656
187
2189
217
57
6776
92
166
6570
857
125
81
757
3516
101
119718
188232
212
121
108
8418
3022
329
16058
180
4838400
7258
160
1649
1531
73694
2679
143
100
3661
138
61776
86
7775
111
198
2054
2211
219
776
105
87
153369
8294
3532
1062
2982
116
12
99
229
3200
5257
218
343
86
298
164
1553
65
2903
4851
12012
146008
4393
197
532
114
3099
252
42
153
29536
526
4272
46552
53
5799
3059
99
331517
198891
9928
345
25
213
802384
3548
5846
107
27
2530
84
602
113
26
4370
18
332332
2658
18
378
32
31450
800
2201
161
109
32
74
43
99
250
1743588
2816
2754
101
419
4735
205
3298
318
410
170
213194
17664
6696
47
850
1600
119
122
228690
175
161
6078
50196
7088
3967
17
69
4752
219
3848
1380
1475
74
106469
167
1108
301
166
4346
642
205
173
2945
127
8556
5507
101
52080
71
172
88
309
16
221
84244
3714
952
1599
23
41
45381
4416
1898
94
57
102
1297
2976
16
2676
5707
105
8648
58835
8334
107568
630
4950
601
1008
5329
5030
23220
447
70
104
1452
194
2665
4733
3648
6110
2684
17326
8681
75848
5784
2639
46
167
11907
2851
7827
132819
178
144
191
15390
493312
2823
240
2021
8910
1045
86
2
116928
1422
86
3
8428
1360
6215
12
1269
5253
8370
83
5772
101850
92
3020
910
5231
55
105
4168
68
86
70
15
228
63
148
373450
149
8
90720
1956
35
2171
171
76
3470
5126968
39
144180
52581
69
227
20720
40
5335
125
150307
4815
3753
26778
103
39
607936
11
251
1632
5323
65
4182
76
8
3813264
821
1422
179
82
3270
6440
153
1820
1119008
25
28672
95
30
4488
126
86
379
197
333097
91
137
415872
150
459
97
118
23
227700
6390
51
267
130
3994
99
1969
312
77352
5582
86
1290
191098
1641
1332
10788
6159
9269
180
140
5133
73
6491
153
3369
1607
180
1027
85
784
4298
13
220
275619
192
1
470157
210
148
405482
316
731031
55040
2530
494
559
57
259
143
178
60
67
180
114
4462
1470
3128
83790
2014
7137
79
15193
4334
139171
6937
1781
1122
103
2527
4269
53
61
27
6910
806
260
54
240
9
87
4328
122
3483
3960
754
4852
6866
186
64
6137
2720
259
405
99
2610
92
68
16
49
5141
2194
2416
103
9311
245
345950
1310
112351
4574
654
139298
130866
74
174
5151
6553
4263
8370
4417
2925
40
270512
109
5782
921
225990
4956
205842
7300
949
39
59
836
68
583539
153000
143
5247
94
5980
3654
39
5724
3552
40296
4243
7224
3480
53
5488
1252
163
931770
191
1126
76
993
36
54
7347
196
302
2735
74800
210
467
40150
167
109
783520
3767
124
117
2214
2214
1116
221
7654
4697
62
56
520
1503
50460
11
1435
1320
160
309720
59594
4849
1016
834
3767
159
205884
1172
441
2482
72
42
5538
165
1297920
6160
153
109
104
235
139
973
1066
1552
1069
123
147
873
406
3678
1102
38175
3161
48
86
360
120
3461
73
4352
4053
2124
83328
39362
3488
199
94
1950
1080
162
3432
3549
2272
4774824
112455
2122
118
187
125
52234
81
12780
104
1973
1104
4840
230
15264
21420
1508
517
210
5104
207
4735
179
214406
6903
157
218790
78
213
178
64
38
330
87
205173
6633
6295
3679
190018
163
207320
102
118
618
3197
3895
169
117
149
245000
476
117
18
7856
166
114992
161
14534000
61
2605
615168
9900
1288
7658
61
86
261
17
177450
4500
268380
2336
186
3733
504
143
2660
95580
3388
8443
542
246
73
65
22380
239
3634
691056
5
6438
104
225491
2982
13788
26631990
125
44
74
2389
1602
475277
696696
179
166
58
4765
41
269
5853
16
382
2052
108
187
6093
98
132
275582
309
117
1422
111
196650
31
107
486034
4380
162
2213
900
1473
266
34
989
104
3807
115
36
1920
46
1987
84
17
5531
528
1710
121
954
6734
57
55
270
6162
217
9579
382725
45
134
574
2069
969
111
104
122
11588
142
5720
5810
280
120
62
3382
159
3061
1380
35
180
8825
6139
943
622
6609
784
3696
169
19
1902
104098
1591
65
1471
92
640320
1003
134
117
287
71
54
5040
2997100
153
336075
2185
22680
7476
60
3736
290304
90
6248
287
231
126
82
1089
201
103
97
57
231
290042
95
5145
5465
819280
96
39612
50456
133
76
750
113
166
131
101
2745
4
153
1036
2112
630784
46
144
83
274
2820
94
1504
6613
149
1112678
853
574
143
135
3384
12340
40678
780
98
208
95
1613
212
215
728
253
91
105
1667
2623
255
114
48600
10
8332
3078
1619
1969920
45
108640
144
124
133
16
2492
427
780
59220
2045
7
600
7043
23
2400
4770
144
5134
160665
99600
842
65
2160
4467
90
27
545
3376
179
95
3633
5
4923
2658
2701
380
5331
4298
225
74
1189
58
97
1632
166
206150
45276
151
1870
3102
80
182
434
1593
135
4241
553280
2492
18
3021
103
151
1719
54
6457
97
112
56461
2835
1618
135
138
120
2760
156832
5280
136
222
1740
1819
7887
7705
112
3061
56
1607
30
3
4495
8554
1576
90
236
2790
2569
3136
1337
2746
3076
4755
982
120
112
119
132
54
270
6887
8981
30360
32
8901
766
504
36
197
1400
241622
194
7480
50
979
149
42
1938
2687
1409
459730
7925
77
218784
69
81
1701
76
360
87
11
146
60
2117
1091
5336
102
316710
7130
115
2891
29
21
4909
119
1767
450
3506
163
2891
99
2391
3414
20424
3169
36
3306
63
3498
820
54
114
29414280
1610
51
6355
318
4655
107
2137
553
4650
1839
4551
116
2318
210
4104
228073
236
154
3042
7482
142
72
189
2838
1942
129
207948
700
169
157
614
94
561
136
5500
173
4697
9000
71
10999296
5
6075
275
110880
194
105
64505
2589
130
235
120
24422580
926
1
7532
456
10542
1424
5866560
187
134
88
5184
4524
153450
2359
83
10
73
152
1080
117
102
2037
3744
49152
83
12990780
